R = 100;
L = 500e-3;
v = 5;